排序开始 doSort([15, 14, 13, 12, 11, 10, 9, 8, 7, 6, 5, 4, 3, 2, 1], 0, 14)
        左排序 doSort([15, 14, 13, 12, 11, 10, 9, 8, 7, 6, 5, 4, 3, 2, 1], 0, 7)
            左排序 doSort([15, 14, 13, 12, 11, 10, 9, 8, 7, 6, 5, 4, 3, 2, 1], 0, 3)
                左排序 doSort([15, 14, 13, 12, 11, 10, 9, 8, 7, 6, 5, 4, 3, 2, 1], 0, 1)
                    左排序 doSort([15, 14, 13, 12, 11, 10, 9, 8, 7, 6, 5, 4, 3, 2, 1], 0, 0)
                右排序 doSort([15, 14, 13, 12, 11, 10, 9, 8, 7, 6, 5, 4, 3, 2, 1], 1, 1)
                左排序 merge([15, 14, 13, 12, 11, 10, 9, 8, 7, 6, 5, 4, 3, 2, 1], 0, 0, 1)

            右排序 doSort([14, 15, 13, 12, 11, 10, 9, 8, 7, 6, 5, 4, 3, 2, 1], 2, 3)
                左排序 doSort([14, 15, 13, 12, 11, 10, 9, 8, 7, 6, 5, 4, 3, 2, 1], 2, 2)
                右排序 doSort([14, 15, 13, 12, 11, 10, 9, 8, 7, 6, 5, 4, 3, 2, 1], 3, 3)
                右排序 merge([14, 15, 13, 12, 11, 10, 9, 8, 7, 6, 5, 4, 3, 2, 1], 2, 2, 3)
                左排序 merge([14, 15, 12, 13, 11, 10, 9, 8, 7, 6, 5, 4, 3, 2, 1], 0, 1, 3)
右排序 doSort([12, 13, 14, 15, 11, 10, 9, 8, 7, 6, 5, 4, 3, 2, 1], 4, 7)
左排序 doSort([12, 13, 14, 15, 11, 10, 9, 8, 7, 6, 5, 4, 3, 2, 1], 4, 5)
左排序 doSort([12, 13, 14, 15, 11, 10, 9, 8, 7, 6, 5, 4, 3, 2, 1], 4, 4)
右排序 doSort([12, 13, 14, 15, 11, 10, 9, 8, 7, 6, 5, 4, 3, 2, 1], 5, 5)
左排序 merge([12, 13, 14, 15, 11, 10, 9, 8, 7, 6, 5, 4, 3, 2, 1], 4, 4, 5)
右排序 doSort([12, 13, 14, 15, 10, 11, 9, 8, 7, 6, 5, 4, 3, 2, 1], 6, 7)
左排序 doSort([12, 13, 14, 15, 10, 11, 9, 8, 7, 6, 5, 4, 3, 2, 1], 6, 6)
右排序 doSort([12, 13, 14, 15, 10, 11, 9, 8, 7, 6, 5, 4, 3, 2, 1], 7, 7)
右排序 merge([12, 13, 14, 15, 10, 11, 9, 8, 7, 6, 5, 4, 3, 2, 1], 6, 6, 7)
右排序 merge([12, 13, 14, 15, 10, 11, 8, 9, 7, 6, 5, 4, 3, 2, 1], 4, 5, 7)
左排序 merge([12, 13, 14, 15, 8, 9, 10, 11, 7, 6, 5, 4, 3, 2, 1], 0, 3, 7)
右排序 doSort([8, 9, 10, 11, 12, 13, 14, 15, 7, 6, 5, 4, 3, 2, 1], 8, 14)
左排序 doSort([8, 9, 10, 11, 12, 13, 14, 15, 7, 6, 5, 4, 3, 2, 1], 8, 11)
左排序 doSort([8, 9, 10, 11, 12, 13, 14, 15, 7, 6, 5, 4, 3, 2, 1], 8, 9)
左排序 doSort([8, 9, 10, 11, 12, 13, 14, 15, 7, 6, 5, 4, 3, 2, 1], 8, 8)
右排序 doSort([8, 9, 10, 11, 12, 13, 14, 15, 7, 6, 5, 4, 3, 2, 1], 9, 9)
左排序 merge([8, 9, 10, 11, 12, 13, 14, 15, 7, 6, 5, 4, 3, 2, 1], 8, 8, 9)
右排序 doSort([8, 9, 10, 11, 12, 13, 14, 15, 6, 7, 5, 4, 3, 2, 1], 10, 11)
左排序 doSort([8, 9, 10, 11, 12, 13, 14, 15, 6, 7, 5, 4, 3, 2, 1], 10, 10)
右排序 doSort([8, 9, 10, 11, 12, 13, 14, 15, 6, 7, 5, 4, 3, 2, 1], 11, 11)
右排序 merge([8, 9, 10, 11, 12, 13, 14, 15, 6, 7, 5, 4, 3, 2, 1], 10, 10, 11)
左排序 merge([8, 9, 10, 11, 12, 13, 14, 15, 6, 7, 4, 5, 3, 2, 1], 8, 9, 11)
右排序 doSort([8, 9, 10, 11, 12, 13, 14, 15, 4, 5, 6, 7, 3, 2, 1], 12, 14)
左排序 doSort([8, 9, 10, 11, 12, 13, 14, 15, 4, 5, 6, 7, 3, 2, 1], 12, 13)
左排序 doSort([8, 9, 10, 11, 12, 13, 14, 15, 4, 5, 6, 7, 3, 2, 1], 12, 12)
右排序 doSort([8, 9, 10, 11, 12, 13, 14, 15, 4, 5, 6, 7, 3, 2, 1], 13, 13)
左排序 merge([8, 9, 10, 11, 12, 13, 14, 15, 4, 5, 6, 7, 3, 2, 1], 12, 12, 13)
右排序 doSort([8, 9, 10, 11, 12, 13, 14, 15, 4, 5, 6, 7, 2, 3, 1], 14, 14)
右排序 merge([8, 9, 10, 11, 12, 13, 14, 15, 4, 5, 6, 7, 2, 3, 1], 12, 13, 14)
右排序 merge([8, 9, 10, 11, 12, 13, 14, 15, 4, 5, 6, 7, 1, 2, 3], 8, 11, 14)
排序开始 merge([8, 9, 10, 11, 12, 13, 14, 15, 1, 2, 3, 4, 5, 6, 7], 0, 7, 14)